car automobile 12876699.5000476 3.16410439981822 1 3.68887945411394 1.00000000000001 1 7.00358591384682 9.472 1 0.68245776493684 16
gem jewel 12876699.5000476 2.19396202763051 1 3.68887945411394 1.00000000000001 1 9.81984969958926 9.527 1 0.500000000000001 16
journey voyage 0.353388466145911 1.7284096088757 0.5 2.99573227355399 0.460670779342328 0.827681821321141 7.1407870353603 4.974 0.956521739130435 0.333333333333335 4
boy lad 0.292873571087795 1.37318067543223 0.5 2.99573227355399 0.773701501623816 0.797940469812929 6.7418793277983 9.220 0.933333333333333 0.027603091707597 5
coast shore 1.6154065629778 1.86145526687829 0.5 2.99573227355399 0.604052349793234 0.963203757982001 8.10219820251493 9.605 0.923076923076923 0.0391516678435379 4
asylum madhouse 2.46630346237644 2.07234432234432 0.5 2.99573227355399 0.768621717035796 0.981349145351438 10.6671475599765 6.846 0.956521739130435 0.0177356768046031 4
magician wizard 12876699.5000476 2.20283446712018 1 3.68887945411394 1 1 11.0726126680846 6.277 1 0.5 16
midday noon 12876699.5000476 3.09090909090909 1 3.68887945411394 0.999999999999991 1 9.56853527130835 9.682 1 0.166666666666667 16
furnace stove 0.0596908299498797 0.431031629664166 0.1 1.38629436111989 0.596739875220911 0.229384690501834 2.49338408574894 3.917 0.571428571428571 0.0134609443069122 5
food fruit 0.0860722514427093 0.120290661719233 0.1 1.38629436111989 0.29622900408087 0.155861991905818 1.77981711617225 9.393 0.470588235294118 0.00926864948896747 0
bird cock 0.268117975063714 1.3947278793288 0.5 2.99573227355399 0.603709271485518 0.788140441167319 6.93744611134227 9.812 0.956521739130435 0.0295485696725761 6
bird crane 0 0.190349154224585 0.25 2.30258509299405 0.351986901482023 0 6.93744611134227 9.301 0.88 0.0174970841835243 5
tool implement 0.848424690094929 1.31718915175789 0.5 2.99573227355399 0.337297712061799 0.914587323917738 6.31043873328687 6.351 0.941176470588235 0.0215819378236074 4
brother monk 0.0689438423392179 1.20730187908497 0.5 2.99573227355399 0.458274651772893 0.207884398714263 10.1563219362105 8.955 0.956521739130435 0.154921948158607 4
crane implement 0 0.0526327964746288 0.2 2.07944154167984 0.12665893689265 0 3.44506827759613 9.453 0.777777777777778 0.0054917806445663 3
lad brother 0.0829630864814942 0.569876033057851 0.2 2.07944154167984 0.419937585642824 0.240010541227967 1.90330264566644 6.065 0.714285714285714 0.275722326017247 3
journey car 0.0706994932607498 0.267500326746971 0.0555555555555556 0.798507696217772 0.323331811247443 0 0 7.195 0.19047619047619 0.0173104612236495 0
monk oracle 0.0587652335919064 0.0840311986863711 0.125 1.6094379124341 0.130317098393864 0.182803604943447 1.90330264566644 8.131 0.588235294117647 0.0433013995258305 0
cemetery woodland 0.0538965533769457 0.0744374672946101 0.111111111111111 1.49165487677772 0.076352036515492 0.111925544991786 1.16920011836114 4.244 0.5 0.00107063651090118 0
food rooster 0.0671070655795743 0.0444255479969766 0.0625 0.916290731874155 0.11295676198644 0.076175196983426 0.614363949386909 8.175 0.285714285714286 0.0075404047883141 0
coast hill 0.218668440706594 0.517804876074056 0.2 2.07944154167984 0.249689663483212 0.728587924952756 6.13813873495394 9.501 0.714285714285714 0.189256620742376 4
forest graveyard 0.058713932408429 0.116776665956994 0.111111111111111 1.49165487677772 0.0796876349481329 0.111925544991786 1.16920011836114 3.089 0.5 0.0286132060471972 0
shore woodland 0.0593950825829739 0.134227280655852 0.2 2.07944154167984 0.110634204941254 0.121951671518582 1.16920011836114 9.421 0.666666666666667 0.00578039067438554 3
monk slave 0.066138684983793 0.126340667846086 0.2 2.07944154167984 0.259634324450705 0.201127284955819 1.90330264566644 9.527 0.714285714285714 0.0108482961507393 3
coast forest 0.0627623451593688 0.204461624441133 0.166666666666667 1.89711998488588 0.177643799488667 0.118137715875826 1.16920011836114 7.752 0.615384615384615 0.0173111710407624 2
lad wizard 0.0758750398287767 0.31280303030303 0.2 2.07944154167984 0.039288010310455 0.224100269987367 1.90330264566644 8.071 0.714285714285714 0.00831492792259259 3
chord smile 0.0790401322916201 0.11879838427826 0.0909090909090909 1.29098418131557 0.0622189153626264 0.32686435527705 3.07176028112249 9.281 0.444444444444444 0.0096110969873685 0
glass magician 0.060445444596714 0.0692743764172336 0.125 1.6094379124341 0.0625930113961033 0.142051396528368 1.87469919111657 8.931 0.533333333333333 0.0108574014001347 0
noon string 0.0652694046478817 0.161900826446281 0.0833333333333333 1.20397280432594 0.0723123958432335 0.0923482510957143 0.779416830052775 9.443 0.352941176470588 0.00249377334026908 0
rooster voyage 0.0501303369741049 0.0795971410006498 0.0416666666666667 0.510825623765991 0.0259661728245637 0 0 6.050 0.148148148148148 0.00240863514318892 0
