car automobile 27240199.487762 3.1641890855788 1 3.63758615972639 0.999999999999972 1 6.02582926404913 5.120 1 0.406608650822566 16
gem jewel 27240199.487762 2.19480948525763 1 3.63758615972639 0.999999999999967 1 10.4355926536946 8.550 1 0.166666666666671 16
journey voyage 0.202086187520821 1.7284096088757 0.5 2.94443897916644 0.795415949268525 0.686120619130515 5.73511228790219 9.845 0.96 0.138588856987717 4
boy lad 0.292873571087795 1.37768544176564 0.5 2.94443897916644 0.870524181314331 0.814399683840568 7.49115367452817 9.171 0.933333333333333 0.151777244045722 5
coast shore 1.6154065629778 1.86482329178758 0.5 2.94443897916644 0.560016146985752 0.966213309757435 8.8514725492448 9.425 0.923076923076923 0.0680830721426678 4
asylum madhouse 2.46630346237644 2.07234432234432 0.5 2.94443897916644 0.490099742430909 0.982551866855825 11.4164219067063 8.840 0.956521739130435 0.0213462176649745 4
magician wizard 27240199.487762 2.20283446712018 1 3.63758615972639 1.00000000000004 1 11.8218870148145 7.749 1 0.166666666666658 16
midday noon 27240199.487762 3.09090909090909 1 3.63758615972639 1.00000000000003 1 10.3178096180382 6.811 1 0.166666666666662 16
furnace stove 0.0551504341177889 0.431031629664166 0.125 1.55814461804655 0.678049518039444 0.214516580823338 2.4759673485965 9.310 0.631578947368421 0.031835480933612 5
food fruit 0.0878977636412423 0.098582317478023 0.111111111111111 1.44036158239017 0.8159732927066 0.1377906425218 1.40263107412323 8.401 0.526315789473684 0.0679366050026514 0
bird cock 0.265872585674852 1.40502223167384 0.5 2.94443897916644 0.796597070966756 0.802785739115744 7.65522179101277 9.785 0.952380952380952 0.0723359766290387 6
bird crane 0 0.189872010400667 0.25 2.2512917986065 0.708501984298589 0 7.65522179101277 9.860 0.869565217391304 0.0855476933203231 5
tool implement 0.816598446876861 1.31867376762671 0.5 2.94443897916644 0.821307034471914 0.919710167526881 7.01377598482972 8.528 0.941176470588235 0.0995919270128225 4
brother monk 0.066788454734149 1.20730187908497 0.5 2.94443897916644 0.783729969367209 0.244176430979301 10.9055962829403 7.384 0.941176470588235 0.087934242980831 4
crane implement 0 0.0527005778104679 0.2 2.02814824729229 0.691910527004149 0 3.65453502775843 7.367 0.777777777777778 0.0539118019027894 3
lad brother 0.0797509581913024 0.571212931453573 0.2 2.02814824729229 0.810800556266817 0.278374614145406 2.41853245650562 9.437 0.714285714285714 0.0939956959244879 3
journey car 0.0850272059922009 0.26759657907046 0.0526315789473684 0.693147180559945 0.852030326621473 0 0 5.330 0.181818181818182 0.0616502540420114 0
monk oracle 0.0571920315815923 0.0840311986863711 0.125 1.55814461804655 0.668341380734264 0.21669478413268 2.41853245650562 8.687 0.588235294117647 0.118112036544536 0
cemetery woodland 0.0542887575555586 0.0760743321718931 0.111111111111111 1.44036158239017 0.816478440624535 0.134901605132067 1.43618938575883 5.919 0.5 0.0898260677107443 0
food rooster 0.0670123056905268 0.0672673513849984 0.0714285714285714 0.998528830111127 0.827526843915068 0.108605914510325 0.909073864437029 8.168 0.315789473684211 0.0248719412228557 0
coast hill 0.188119694735432 0.520173787825718 0.2 2.02814824729229 0.703376184437236 0.710280347988066 6.51609763342776 9.894 0.714285714285714 0.140239432382148 4
forest graveyard 0.0542887575555586 0.115450725744843 0.111111111111111 1.44036158239017 0.816478440624535 0.134901605132067 1.43618938575883 5.914 0.5 0.0898260677107443 0
shore woodland 0.0598717481157289 0.136749903213318 0.2 2.02814824729229 0.544730033385187 0.146738996478832 1.43618938575883 6.004 0.666666666666667 0.103146177620003 3
monk slave 0.06415259781674 0.126340667846086 0.2 2.02814824729229 0.657222309597732 0.23682198386104 2.41853245650562 9.002 0.714285714285714 0.0940711392339555 3
coast forest 0.0577320282860766 0.20522504456328 0.166666666666667 1.84582669049833 0.664865253097763 0.142240722106393 1.43618938575883 8.941 0.615384615384615 0.136779852568521 2
lad wizard 0.0731794120700741 0.314474153297683 0.2 2.02814824729229 0.487368190027214 0.261433144074937 2.41853245650562 9.446 0.714285714285714 0.0629427131422483 3
chord smile 0.0679043890128881 0.11879838427826 0.0909090909090909 1.23969088692802 0.329013983685837 0.274333154532269 2.78364067947684 4.250 0.5 0.030146697540233 0
glass magician 0.056256692134001 0.0692743764172336 0.125 1.55814461804655 0.56744629594905 0.139111437561509 2.38864312032872 9.780 0.533333333333333 0.0988615346310409 0
noon string 0.0584168955784494 0.161900826446281 0.0833333333333333 1.15267950993839 0.648746221905563 0.0568780635417711 0.51618869190567 9.962 0.421052631578947 0.0205203126045418 0
rooster voyage 0.0466275473462279 0.116049382716049 0.0416666666666667 0.45953232937844 0.685951426438513 0 0 6.608 0.148148148148148 0.0173402949594208 0
