gem jewel 12876699.5000476 2.19396202763051 1 3.68887945411394 1.00000000000001 1 9.81984969958926 9.277 1 0.500000000000001 16
midday noon 12876699.5000476 3.09090909090909 1 3.68887945411394 0.999999999999991 1 9.56853527130835 0.398 1 0.166666666666667 16
car automobile 12876699.5000476 3.16410439981822 1 3.68887945411394 1.00000000000001 1 7.00358591384682 9.072 1 0.68245776493684 16
cushion pillow 12876699.5000476 1.27294099386298 0.5 2.99573227355399 0.53565391599094 1 9.56853527130835 6.687 0.941176470588235 0.0259699511662564 4
boy lad 0.292873571087795 1.37318067543223 0.5 2.99573227355399 0.773701501623816 0.797940469812929 6.7418793277983 8.216 0.933333333333333 0.027603091707597 5
cock roster 0.0488114479311058 0.188401628812588 0.0625 0.916290731874155 0.0793648558628459 0 0 8.025 0.210526315789474 0.00644173850345139 0
tool implement 0.848424690094929 1.31718915175789 0.5 2.99573227355399 0.337297712061799 0.914587323917738 6.31043873328687 9.402 0.941176470588235 0.0215819378236074 4
forest woodland 12876699.5000476 1.71671073508299 1 3.68887945411394 0.999999999999986 1 11.0726126680846 9.631 1 0.166666666666667 16
coast shore 1.6154065629778 1.86145526687829 0.5 2.99573227355399 0.604052349793234 0.963203757982001 8.10219820251493 9.482 0.923076923076923 0.0391516678435379 4
autograph signature 0 1.46778221778222 0.5 2.99573227355399 0.436315286257063 0 11.7657598486446 9.005 0.941176470588235 0.0423403093832965 4
journey voyage 0.353388466145911 1.7284096088757 0.5 2.99573227355399 0.701058788211159 0.827681821321141 7.46409297255973 3.343 0.956521739130435 0.333333333333335 4
serf slave 0 0.37390350877193 0.25 2.30258509299405 0.376141963002392 0 8.77002757509058 4.701 0.8 0.162949303710387 5
grin smile 12876699.5000476 2.59933973589436 1 3.68887945411394 1.00000000000003 1 8.12817368891819 9.548 1 0.5 16
glass tumbler 0.378923181689951 1.18362582101806 0.5 2.99573227355399 0.327521953849899 0.873683758133815 9.12670251902932 9.834 0.947368421052632 0.0138138189644324 6
cord string 0.655283817320338 1.57256344845631 0.5 2.99573227355399 0.573875471720626 0.918768839849381 8.63026563271542 9.751 0.941176470588235 0.33213761504694 6
hill mound 12876699.5000476 3.32167057319412 1 3.68887945411394 0.999999999999999 1 10.1563219362105 9.455 1 0.682270672156542 16
magician wizard 12876699.5000476 2.20283446712018 1 3.68887945411394 1 1 11.0726126680846 7.297 1 0.5 16
furnace stove 0.0596908299498797 0.431031629664166 0.1 1.38629436111989 0.596739875220911 0.229384690501834 2.49338408574894 6.891 0.571428571428571 0.0134609443069122 5
asylum madhouse 2.46630346237644 2.07234432234432 0.5 2.99573227355399 0.768621717035796 0.981349145351438 10.6671475599765 7.991 0.956521739130435 0.0177356768046031 4
brother monk 0.0689438423392179 1.20730187908497 0.5 2.99573227355399 0.458274651772893 0.207884398714263 10.1563219362105 9.635 0.956521739130435 0.154921948158607 4
food fruit 0.0860722514427093 0.120290661719233 0.1 1.38629436111989 0.29622900408087 0.155861991905818 1.77981711617225 9.670 0.470588235294118 0.00926864948896747 0
bird cock 0.268117975063714 1.3947278793288 0.5 2.99573227355399 0.603709271485518 0.788140441167319 6.93744611134227 9.962 0.956521739130435 0.0295485696725761 6
bird crane 0 0.190349154224585 0.25 2.30258509299405 0.351986901482023 0 6.93744611134227 9.937 0.88 0.0174970841835243 5
oracle sage 0.108331098490463 0.071401223211178 0.166666666666667 1.89711998488588 0.192825764325012 0.588508101467426 6.60097387472106 9.811 0.705882352941177 0.0218559919823714 2
sage wizard 0.0580046142753162 0.158752424046542 0.166666666666667 1.89711998488588 0.116912793172784 0.180865457199292 1.90330264566644 9.802 0.666666666666667 0.0270827277440318 2
brother lad 0.0829630864814942 0.569876033057851 0.2 2.07944154167984 0.419937585642824 0.240010541227967 1.90330264566644 9.886 0.714285714285714 0.330973722472966 3
crane implement 0.0784009172447185 0.142065390749601 0.2 2.07944154167984 0.12665893689265 0.33269791425886 3.44506827759613 8.965 0.777777777777778 0.0054917806445663 3
magician oracle 0.0587652335919064 0.163949176731579 0.142857142857143 1.74296930505862 0.126151225574742 0.182803604943447 1.90330264566644 7.221 0.625 0.0227338910415467 0
glass jewel 0.0716343459629848 0.133232284956423 0.166666666666667 1.74296930505862 0.301792122143387 0.263201880424315 2.49338408574894 9.813 0.631578947368421 0.0412033685548741 2
cemetery mound 0.058248691000892 0.1875 0.0909090909090909 1.29098418131557 0.0724706937489281 0.119880041837874 1.16920011836114 9.517 0.444444444444444 0.0120867824736245 0
car journey 0.0706994932607498 0.267500326746971 0.0555555555555556 0.798507696217772 0.323331811247443 0 0 9.511 0.19047619047619 0.0185879953826741 0
hill woodland 0.0593035880489827 0.110875436316849 0.166666666666667 1.89711998488588 0.196836596814264 0.121786691088797 1.16920011836114 8.957 0.615384615384615 0.005838833562194 2
crane rooster 0 0.0679012345679012 0.125 1.6094379124341 0.0700202061726335 0 6.93744611134227 9.052 0.758620689655172 0.0147383907998251 0
furnace implement 0.0763975183521279 0.0992914787914154 0.125 1.6094379124341 0.294571971661814 0.275874827823729 2.49338408574894 3.937 0.631578947368421 0.00239475394947773 0
coast hill 0.218668440706594 0.517804876074056 0.2 2.07944154167984 0.249689663483212 0.728587924952756 6.13813873495394 9.414 0.714285714285714 0.189256620742376 4
bird woodland 0.0638094556026116 0.0854592035612102 0.111111111111111 1.49165487677772 0.16320107335154 0.129838567733797 1.16920011836114 9.896 0.470588235294118 0.00823174977376767 0
shore voyage 0.0575272992589265 0.255436571226045 0.166666666666667 1.54044504094715 0.154321955618808 0 0 7.333 0.285714285714286 0.0295105362061351 0
cemetery woodland 0.0538965533769457 0.0744374672946101 0.111111111111111 1.49165487677772 0.076352036515492 0.111925544991786 1.16920011836114 0.859 0.5 0.00107063651090118 0
food rooster 0.0671070655795743 0.0444255479969766 0.0625 0.916290731874155 0.11295676198644 0.076175196983426 0.614363949386909 5.496 0.285714285714286 0.0075404047883141 0
forest graveyard 0.058713932408429 0.116776665956994 0.111111111111111 1.49165487677772 0.0796876349481329 0.111925544991786 1.16920011836114 9.696 0.5 0.0286132060471972 0
lad wizard 0.0758750398287767 0.31280303030303 0.2 2.07944154167984 0.039288010310455 0.224100269987367 1.90330264566644 5.385 0.714285714285714 0.00831492792259259 3
mound shore 0.167161390027273 0.277529761904762 0.2 2.07944154167984 0.370381932736138 0.672358842701085 6.13813873495394 8.505 0.714285714285714 0.0290769226756747 3
automobile cushion 0.0893969654029807 0.173798118277476 0.166666666666667 1.54044504094715 0.371611764438763 0.381171767059445 3.44506827759613 7.797 0.636363636363636 0.0234069900244789 5
boy sage 0.0680224267092435 0.191482644339787 0.166666666666667 1.89711998488588 0.130572190125297 0.205677518080104 1.90330264566644 9.697 0.666666666666667 0.0139603759961728 2
monk oracle 0.0587652335919064 0.0840311986863711 0.125 1.6094379124341 0.130317098393864 0.182803604943447 1.90330264566644 8.998 0.588235294117647 0.0433013995258305 0
shore woodland 0.0593950825829739 0.134227280655852 0.2 2.07944154167984 0.110634204941254 0.121951671518582 1.16920011836114 4.714 0.666666666666667 0.00578039067438554 3
grin lad 0.0631572677100935 0.203972498090145 0.0833333333333333 1.20397280432594 0.0526794325783362 0 0 7.406 0.266666666666667 0.00651474924894532 0
coast forest 0.0627623451593688 0.204461624441133 0.166666666666667 1.89711998488588 0.177643799488667 0.118137715875826 1.16920011836114 8.321 0.615384615384615 0.0173111710407624 2
asylum cemetery 0.0551006779610187 0.186649659863946 0.0833333333333333 1.20397280432594 0.0354534669968142 0.114140701396855 1.16920011836114 5.582 0.421052631578947 0.00847358678251511 0
monk slave 0.066138684983793 0.126340667846086 0.2 2.07944154167984 0.259634324450705 0.201127284955819 1.90330264566644 7.188 0.714285714285714 0.0108482961507393 3
cushion jewel 0.0694366482547765 0.188116370808678 0.142857142857143 1.74296930505862 0.0836581138269627 0.257203897023044 2.49338408574894 8.669 0.666666666666667 0.0126646260587713 0
glass magician 0.060445444596714 0.0692743764172336 0.125 1.6094379124341 0.0625930113961033 0.142051396528368 1.87469919111657 9.791 0.533333333333333 0.0108574014001347 0
boy rooster 0.0726589800400733 0.231172839506173 0.0833333333333333 1.20397280432594 0.0431844394930697 0.209437505577681 1.82305158295517 8.791 0.56 0.0117873436139195 0
graveyard madhouse 0.0538965533769457 0.145833333333333 0.0666666666666667 0.980829253011726 0.036539056871202 0.111925544991786 1.16920011836114 6.967 0.363636363636364 0.000621981481812026 0
asylum monk 0.0552966170331761 0.0793942577030812 0.0909090909090909 1.29098418131557 0.0719771165365093 0.131542947425695 1.36959027657875 7.747 0.5 0.00593511960197475 0
asylum fruit 0.0653095335972054 0.113419913419913 0.142857142857143 1.74296930505862 0.0558283769720502 0.236939224389359 2.49338408574894 4.946 0.666666666666667 0.00702717802448882 0
grin implement 0.0692587328171581 0.0826900584795322 0.111111111111111 1.13497993283898 0.113022390518083 0 0 6.917 0.25 0.0101717043429506 0
mound stove 0.068149831834204 0.239032884602505 0.142857142857143 1.74296930505862 0.515592640916729 0.314301197432459 3.44506827759613 9.506 0.666666666666667 0.0185954737811022 2
chord smile 0.0790401322916201 0.11879838427826 0.125 1.29098418131557 0.0661694914641924 0.32686435527705 3.07176028112249 7.443 0.444444444444444 0.0096110969873685 0
automobile wizard 0.0738265715345285 0.0900778537842372 0.0769230769230769 1.1239300966524 0.122917048781059 0.168208467863082 1.36959027657875 5.845 0.454545454545455 0.0113187004622054 0
autograph shore 0 0.109938672438672 0.1 1.38629436111989 0.0377143066526754 0 0 8.375 0.307692307692308 0.00602735556543591 0
fruit furnace 0.0609372916831211 0.0930876009647051 0.111111111111111 1.49165487677772 0.159411744561574 0.225184801499992 2.49338408574894 6.643 0.6 0.00713990544511667 0
rooster voyage 0.0501303369741049 0.0795971410006498 0.0416666666666667 0.510825623765991 0.0259661728245637 0 0 8.673 0.148148148148148 0.00240863514318892 0
noon string 0.0652694046478817 0.161900826446281 0.0833333333333333 1.20397280432594 0.0723123958432335 0.0923482510957143 0.779416830052775 9.532 0.352941176470588 0.00249377334026908 0
cord smile 0.0596714276793718 0.277777777777778 0.0909090909090909 1.29098418131557 0.172476446548446 0 0.779416830052775 9.350 0.375 0.0116791341991461 0
