gem jewel 27240199.487762 2.19480948525763 1 3.63758615972639 0.999999999999967 1 10.4355926536946 9.545 1 0.166666666666671 16
midday noon 27240199.487762 3.09090909090909 1 3.63758615972639 1.00000000000003 1 10.3178096180382 7.960 1 0.166666666666662 16
car automobile 27240199.487762 3.1641890855788 1 3.63758615972639 0.999999999999972 1 6.02582926404913 9.597 1 0.406608650822566 16
cushion pillow 27240199.487762 1.27294099386298 0.5 2.94443897916644 0.737204958799087 1 10.3178096180382 2.466 0.941176470588235 0.0404885438600194 4
boy lad 0.292873571087795 1.37768544176564 0.5 2.94443897916644 0.870524181314331 0.814399683840568 7.49115367452817 8.188 0.933333333333333 0.151777244045722 5
cock roster 0.0454844288213997 0.188401628812588 0.0588235294117647 0.80437281567017 0.573036135004138 0 0 7.692 0.2 0.0179274035418648 0
tool implement 0.816598446876861 1.31867376762671 0.5 2.94443897916644 0.821307034471914 0.919710167526881 7.01377598482972 9.728 0.941176470588235 0.0995919270128225 4
forest woodland 27240199.487762 1.70602712505784 1 3.63758615972639 1.00000000000002 1 10.7232747261464 7.785 1 0.166666666666665 16
coast shore 1.6154065629778 1.86482329178758 0.5 2.94443897916644 0.560016146985752 0.966213309757435 8.8514725492448 9.591 0.923076923076923 0.0680830721426678 4
autograph signature 0 1.46778221778222 0.5 2.94443897916644 0.684046327793421 0 12.5150341953744 9.744 0.947368421052632 0.0994253244381671 4
journey voyage 0.301733215513596 1.7284096088757 0.5 2.94443897916644 0.795415949268525 0.823034544784354 7.70684189850056 9.530 0.96 0.138588856987717 4
serf slave 0 0.37390350877193 0.25 2.2512917986065 0.415915734673144 0 9.51930192182046 8.692 0.8 0.110569067940539 5
grin smile 27240199.487762 2.59933973589436 1 3.63758615972639 1.00000000000005 1 8.87744803564806 7.225 1 0.166666666666653 16
glass tumbler 0.360673760222241 1.18362582101806 0.5 2.94443897916644 0.846086576926144 0.875431146583835 9.74244547313467 9.949 0.947368421052632 0.106641239943154 6
cord string 0.785567135862813 1.57256344845631 0.5 2.94443897916644 0.733997928531857 0.935920081622664 9.29615837050625 9.999 0.941176470588235 0.089735451643467 6
hill mound 27240199.487762 3.32167057319412 1 3.63758615972639 1.00000000000006 1 10.9055962829403 9.932 1 0.351988609077089 16
magician wizard 27240199.487762 2.20283446712018 1 3.63758615972639 1.00000000000004 1 11.8218870148145 9.425 1 0.166666666666658 16
furnace stove 0.0551504341177889 0.431031629664166 0.125 1.55814461804655 0.678049518039444 0.214516580823338 2.4759673485965 7.415 0.631578947368421 0.031835480933612 5
asylum madhouse 2.46630346237644 2.07234432234432 0.5 2.94443897916644 0.490099742430909 0.982551866855825 11.4164219067063 4.585 0.956521739130435 0.0213462176649745 4
brother monk 0.066788454734149 1.20730187908497 0.5 2.94443897916644 0.783729969367209 0.244176430979301 10.9055962829403 8.463 0.941176470588235 0.087934242980831 4
food fruit 0.0878977636412423 0.098582317478023 0.111111111111111 1.44036158239017 0.8159732927066 0.1377906425218 1.40263107412323 9.665 0.526315789473684 0.0679366050026514 0
bird cock 0.265872585674852 1.40502223167384 0.5 2.94443897916644 0.796597070966756 0.802785739115744 7.65522179101277 9.793 0.952380952380952 0.0723359766290387 6
bird crane 0 0.189872010400667 0.25 2.2512917986065 0.708501984298589 0 7.65522179101277 9.940 0.869565217391304 0.0855476933203231 5
oracle sage 0.107418295851397 0.071401223211178 0.166666666666667 1.84582669049833 0.664592442688282 0.610997298042552 7.31102750829765 8.986 0.705882352941177 0.0741973712458978 2
sage wizard 0.0564713424438501 0.158752424046542 0.166666666666667 1.84582669049833 0.512339954224318 0.214550020469495 2.41853245650562 9.437 0.666666666666667 0.0588209136422198 2
brother lad 0.0797509581913024 0.571212931453573 0.2 2.02814824729229 0.810800556266817 0.278374614145406 2.41853245650562 7.364 0.714285714285714 0.10199366924954 3
crane implement 0.0746430616202119 0.15079554947976 0.2 2.02814824729229 0.691910527004149 0.316464716745271 3.65453502775843 9.287 0.777777777777778 0.120971192887926 3
magician oracle 0.0571920315815923 0.163949176731579 0.142857142857143 1.69167601067107 0.749166390279288 0.21669478413268 2.41853245650562 8.731 0.625 0.126657521691672 0
glass jewel 0.0656766850836956 0.166666666666667 0.166666666666667 1.69167601067107 0.669673066411989 0.245412099336296 2.4759673485965 9.401 0.631578947368421 0.0696290103758424 2
cemetery mound 0.065608333518604 0.1875 0.0909090909090909 1.23969088692802 0.849477444671896 0.158569287528532 1.43618938575883 9.999 0.444444444444444 0.086628880225004 0
car journey 0.0850272059922009 0.26759657907046 0.0526315789473684 0.693147180559945 0.852030326621473 0 0 9.676 0.181818181818182 0.070887504426608 0
hill woodland 0.0649514426082219 0.113039429645449 0.166666666666667 1.84582669049833 0.837072796191492 0.157231270212925 1.43618938575883 7.752 0.615384615384615 0.080591579133704 2
crane rooster 0 0.104938271604938 0.125 1.55814461804655 0.633650792791615 0 7.65522179101277 9.921 0.740740740740741 0.0221308701366444 0
furnace implement 0.0686018070995711 0.0993071790841034 0.166666666666667 1.84582669049833 0.773995152260179 0.25357073224116 2.4759673485965 8.100 0.705882352941177 0.0312029757780251 2
coast hill 0.188119694735432 0.520173787825718 0.2 2.02814824729229 0.703376184437236 0.710280347988066 6.51609763342776 9.918 0.714285714285714 0.140239432382148 4
bird woodland 0.0644906749970399 0.0870459736445951 0.111111111111111 1.44036158239017 0.76306969118094 0.156290193206819 1.43618938575883 9.847 0.5 0.0168544426049756 0
shore voyage 0.0529616131565961 0.255436571226045 0.166666666666667 1.54044504094715 0.460881615132467 0 0 7.915 0.285714285714286 0.0979730325275907 0
cemetery woodland 0.0542887575555586 0.0760743321718931 0.111111111111111 1.44036158239017 0.816478440624535 0.134901605132067 1.43618938575883 4.448 0.5 0.0898260677107443 0
food rooster 0.0670123056905268 0.0672673513849984 0.0714285714285714 0.998528830111127 0.827526843915068 0.108605914510325 0.909073864437029 5.515 0.315789473684211 0.0248719412228557 0
forest graveyard 0.0542887575555586 0.115450725744843 0.111111111111111 1.44036158239017 0.816478440624535 0.134901605132067 1.43618938575883 7.313 0.5 0.0898260677107443 0
lad wizard 0.0731794120700741 0.314474153297683 0.2 2.02814824729229 0.487368190027214 0.261433144074937 2.41853245650562 9.803 0.714285714285714 0.0629427131422483 3
mound shore 0.148701680453227 0.277529761904762 0.2 2.02814824729229 0.641864364188176 0.659621899257925 6.51609763342776 8.752 0.714285714285714 0.0895190109321324 3
automobile cushion 0.094888848036729 0.1738274416377 0.166666666666667 1.54044504094715 0.899622481053725 0.409524106127388 3.65453502775843 9.887 0.636363636363636 0.114318978114261 5
boy sage 0.0659233894300855 0.191482644339787 0.166666666666667 1.84582669049833 0.644355293887395 0.241778440973662 2.41853245650562 8.703 0.666666666666667 0.070120004342318 2
monk oracle 0.0571920315815923 0.0840311986863711 0.125 1.55814461804655 0.668341380734264 0.21669478413268 2.41853245650562 8.811 0.588235294117647 0.118112036544536 0
shore woodland 0.0598717481157289 0.136749903213318 0.2 2.02814824729229 0.544730033385187 0.146738996478832 1.43618938575883 8.068 0.666666666666667 0.103146177620003 3
grin lad 0.0576387780165125 0.205545319732171 0.0769230769230769 1.07263680226485 0.436993367691651 0 0 5.254 0.25 0.0315701586913185 0
coast forest 0.0577320282860766 0.20522504456328 0.166666666666667 1.84582669049833 0.664865253097763 0.142240722106393 1.43618938575883 9.524 0.615384615384615 0.136779852568521 2
asylum cemetery 0.0523199525491259 0.186649659863946 0.0833333333333333 1.15267950993839 0.553671891791091 0.130648507781194 1.43618938575883 7.502 0.421052631578947 0.0576917301319394 0
monk slave 0.06415259781674 0.126340667846086 0.2 2.02814824729229 0.657222309597732 0.23682198386104 2.41853245650562 9.259 0.714285714285714 0.0940711392339555 3
cushion jewel 0.0632852610229225 0.188116370808678 0.142857142857143 1.69167601067107 0.654204436530638 0.238608331894466 2.4759673485965 9.642 0.666666666666667 0.0427094391344283 0
glass magician 0.056256692134001 0.0692743764172336 0.125 1.55814461804655 0.56744629594905 0.139111437561509 2.38864312032872 8.700 0.533333333333333 0.0988615346310409 0
boy rooster 0.0703324372044677 0.265405643738977 0.0833333333333333 1.15267950993839 0.82002254919614 0.248016194675435 2.34469247309798 8.659 0.521739130434783 0.0919979555830366 0
graveyard madhouse 0.0512330979528727 0.145833333333333 0.0666666666666667 0.929535958624176 0.522161052747005 0.128282673956762 1.43618938575883 4.879 0.363636363636364 0.0124596987287658 0
asylum monk 0.0514148349232582 0.0793942577030812 0.0833333333333333 1.15267950993839 0.404248730793751 0.128679169917078 1.43618938575883 7.232 0.421052631578947 0.0923293943032516 0
asylum fruit 0.0687213873305662 0.113419913419913 0.142857142857143 1.69167601067107 0.471884507899609 0.245530074048756 2.4759673485965 9.122 0.666666666666667 0.0466736220220957 0
grin implement 0.062927814667478 0.0836424394319131 0.111111111111111 1.13497993283898 0.430252534030065 0 0 7.319 0.235294117647059 0.0455502916431482 0
mound stove 0.0759739273728836 0.239032884602505 0.142857142857143 1.69167601067107 0.649259435476994 0.312078279117394 3.65453502775843 8.601 0.666666666666667 0.108034866727501 2
chord smile 0.0679043890128881 0.11879838427826 0.125 1.25276296849537 0.520574973474348 0.274333154532269 2.78364067947684 5.852 0.5 0.030146697540233 0
automobile wizard 0.075851942250327 0.0900844660556148 0.0714285714285714 0.998528830111127 0.542529096459425 0.178898013090934 1.43618938575883 9.809 0.380952380952381 0.0811953592138411 0
autograph shore 0 0.109938672438672 0.1 1.23969088692802 0.861523031821738 0 0 9.268 0.285714285714286 0.0149680487002632 0
fruit furnace 0.0638972616105879 0.0930876009647051 0.142857142857143 1.69167601067107 0.641300471964503 0.23229811957 2.4759673485965 9.155 0.666666666666667 0.0272274498106309 0
rooster voyage 0.0466275473462279 0.116049382716049 0.0416666666666667 0.45953232937844 0.685951426438513 0 0 9.214 0.148148148148148 0.0173402949594208 0
noon string 0.0584168955784494 0.161900826446281 0.0833333333333333 1.15267950993839 0.648746221905563 0.0568780635417711 0.51618869190567 5.733 0.421052631578947 0.0205203126045418 0
cord smile 0.0550248518456612 0.277777777777778 0.0909090909090909 1.23969088692802 0.485622435210961 0 0.51618869190567 9.981 0.444444444444444 0.0604001520325195 0
