wup		0.7891	4	0.7891	3	0.7891	3	0.7039	5	0.7039	5	0.702	5	0.7673	3	0.7673	2	0.7673	2	0.6088	3	0.6088	3	0.6088	4	0.5362	4	0.5362	4	0.5336	4	0.5937	1	0.5937	1	0.5937	1
lesk-6		0.7858	5	0.7891	3	0.7578	8	0.6631	7	0.6638	7	0.6672	7	0.7261	8	0.7388	7	0.7098	8	0.5905	6	0.5905	6	0.5536	6	0.4622	6	0.4632	6	0.4699	6	0.5503	6	0.5503	6	0.5133	6
res		0.71	11	0.71	11	0.7033	10	0.6539	10	0.6539	10	0.6498	10	0.7051	11	0.7051	11	0.6841	10	0.2837	13	0.2837	13	0.2837	13	0.2615	13	0.2615	13	0.2585	13	0.329	12	0.329	12	0.3102	12
lin		0.6995	12	0.6995	12	0.6587	12	0.5217	11	0.5217	11	0.4963	12	0.6773	12	0.6773	12	0.6277	12	0.5158	9	0.5158	9	0.4778	9	0.3959	9	0.3959	9	0.3723	10	0.4866	9	0.4866	9	0.4343	9
vector_pairs		0.4876	14	0.4652	14	0.4585	14	0.4892	13	0.4411	14	0.4199	14	0.4002	14	0.4239	14	0.4132	14	0.3183	12	0.3072	12	0.3025	12	0.3428	11	0.3097	12	0.2962	12	0.2636	13	0.2708	13	0.2616	13
hso		0.8	2	0.8	2	0.8	2	0.7322	1	0.7322	1	0.7322	1	0.7527	4	0.7527	4	0.7527	4	0.3595	11	0.3595	11	0.3595	11	0.4099	8	0.4099	8	0.4099	8	0.3706	10	0.3706	11	0.3706	11
lesk-6-9		0.8245	1	0.8245	1	0.8245	1	0.6608	9	0.6608	9	0.6608	9	0.7943	1	0.7943	1	0.7943	1	-0.0278	14	-0.0278	14	-0.0278	14	0.0256	14	0.0256	14	0.0256	14	-0.0186	14	-0.0186	14	-0.0186	14
vector		0.5509	13	0.6083	13	0.6207	13	0.4761	14	0.4994	13	0.57	11	0.4751	13	0.528	13	0.5381	13	0.3949	10	0.4457	10	0.455	10	0.326	12	0.3501	11	0.406	9	0.3357	11	0.3866	10	0.3958	10
wup-6		0.7911	3	0.7891	3	0.7891	3	0.6983	6	0.7039	5	0.702	5	0.7724	2	0.7673	2	0.7673	2	0.6073	4	0.6088	3	0.6088	4	0.53	5	0.5362	4	0.5336	4	0.5923	2	0.5937	1	0.5937	1
path		0.7589	9	0.7589	9	0.7824	5	0.7119	3	0.7119	4	0.7092	2	0.7269	7	0.7269	9	0.7459	5	0.604	5	0.604	5	0.6237	1	0.5565	2	0.5565	3	0.5491	1	0.5709	5	0.5709	5	0.5859	3
jcn		0.7299	10	0.7299	10	0.6889	11	0.5067	12	0.5067	12	0.4821	13	0.7064	10	0.7064	10	0.6593	11	0.5488	8	0.5488	8	0.5052	8	0.3807	10	0.3807	10	0.3563	11	0.5198	8	0.5198	8	0.4667	8
lch-6		0.7824	7	0.7824	7	0.7824	5	0.7092	4	0.7159	2	0.7092	2	0.7459	5	0.7459	5	0.7459	5	0.6237	1	0.6237	1	0.6237	1	0.5491	3	0.5569	1	0.5491	1	0.5859	3	0.5859	3	0.5859	3
lch		0.7824	7	0.7824	7	0.7824	5	0.7159	2	0.7159	2	0.7092	2	0.7459	5	0.7459	5	0.7459	5	0.6237	1	0.6237	1	0.6237	1	0.5569	1	0.5569	1	0.5491	1	0.5859	3	0.5859	3	0.5859	3
lesk		0.7858	5	0.7891	3	0.7578	8	0.6631	7	0.6638	7	0.6672	7	0.7261	8	0.7388	7	0.7098	8	0.5905	6	0.5905	6	0.5536	6	0.4622	6	0.4632	6	0.4699	6	0.5503	6	0.5503	6	0.5133	6


Ranks:

wup		1, 3, 2, 5, 4
lesk-6		8, 3, 5, 7, 6
res		11, 10, 13, 12
lin		11, 9, 12, 10
vector_pairs		11, 13, 12, 14
hso		11, 10, 1, 2, 4, 8
lesk-6-9		1, 9, 14
vector		11, 10, 13, 12, 14, 9
wup-6		1, 3, 2, 5, 4, 6
path		1, 3, 2, 5, 4, 7, 9
jcn		11, 10, 13, 12, 8
lch-6		1, 3, 2, 5, 4, 7
lch		1, 3, 2, 5, 7
lesk		8, 3, 5, 7, 6
