wup		0.7911-0.7891	3	0.7891	3	0.7891	3	0.7039-0.6983	5	0.7039	4	0.702	4	0.7724-0.7673	2	0.7673	2	0.7673	2	0.6073-0.6088	2	0.6088	2	0.6088	3	0.5362-0.53	4	0.5362	3	0.5336	3	0.5937-0.5923	1	0.5937	1	0.5937	1
res		0.71	8	0.71	8	0.7033	7	0.6539	7	0.6539	6	0.6498	6	0.7051	8	0.7051	8	0.6841	7	0.2837	10	0.2837	10	0.2837	10	0.2615	11	0.2615	10	0.2585	10	0.329	9	0.329	9	0.3102	9
lin		0.6995	9	0.6995	9	0.6587	9	0.5217	8	0.5217	7	0.4963	8	0.6773	9	0.6773	9	0.6277	9	0.5158	6	0.5158	6	0.4778	6	0.3959	7	0.3959	6	0.3723	7	0.4866	6	0.4866	6	0.4343	6
vector_pairs		0.4876	11	0.4652	11	0.4585	11	0.4892	10	0.4411	10	0.4199	10	0.4002	11	0.4239	11	0.4132	11	0.3183	9	0.3072	9	0.3025	9	0.3428	9	0.3097	9	0.2962	9	0.2636	10	0.2708	10	0.2616	10
hso		0.8	2	0.8	2	0.8	2	0.7322	1	0.7322	1	0.7322	1	0.7527	3	0.7527	3	0.7527	3	0.3595	8	0.3595	8	0.3595	8	0.4099	6	0.4099	5	0.4099	5	0.3706	7	0.3706	8	0.3706	8
vector		0.5509	10	0.6083	10	0.6207	10	0.4761	11	0.4994	9	0.57	7	0.4751	10	0.528	10	0.5381	10	0.3949	7	0.4457	7	0.455	7	0.326	10	0.3501	8	0.406	6	0.3357	8	0.3866	7	0.3958	7
path		0.7589	6	0.7589	6	0.7824	4	0.7119	3	0.7119	3	0.7092	2	0.7269	5	0.7269	6	0.7459	4	0.604	3	0.604	3	0.6237	1	0.5565	2	0.5565	2	0.5491	1	0.5709	3	0.5709	3	0.5859	2
jcn		0.7299	7	0.7299	7	0.6889	8	0.5067	9	0.5067	8	0.4821	9	0.7064	7	0.7064	7	0.6593	8	0.5488	5	0.5488	5	0.5052	5	0.3807	8	0.3807	7	0.3563	8	0.5198	5	0.5198	5	0.4667	5
lch		0.7824	5	0.7824	5	0.7824	4	0.7092-0.7159	2,4	0.7159	2	0.7092	2	0.7459	4	0.7459	4	0.7459	4	0.6237	1	0.6237	1	0.6237	1	0.5569-0.5491	1,3	0.5569	1	0.5491	1	0.5859	2	0.5859	2	0.5859	2
lesk		0.7858-0.8245	1,4	0.7891-0.8245	1,3	0.8245-0.7578	1,6	0.6608-0.6631	6	0.6608-0.6638	5	0.6672-0.6608	5	0.7261-0.7943	1,6	0.7943-0.7388	1,5	0.7098-0.7943	1,6	-0.0278-0.5905	4,11	-0.0278-0.5905	4,11	-0.0278-0.5536	4,11	0.0256-0.4622	5,12	0.4632-0.0256	4,11	0.0256-0.4699	4,11	0.5503--0.0186	4,11	0.5503--0.0186	4,11	0.5133--0.0186	4,11


Ranks:

wup		1, 3, 2, 5, 4
res		11, 10, 7, 6, 9, 8
lin		9, 8, 7, 6
vector_pairs		11, 10, 9
hso		1, 3, 2, 5, 7, 6, 8
vector		11, 10, 7, 6, 9, 8
path		1, 3, 2, 5, 4, 6
jcn		9, 8, 5, 7
lch		1,3, 1, 2, 5, 4, 2,4
lesk		1,6, 1,4, 1,5, 1,3, 5,12, 5, 4,11, 6
