wup		0.7688	6	0.7688	6	0.7688	6	0.6966	6	0.6966	6	0.6953	6	0.7409	7	0.7409	7	0.7409	7	0.585	6	0.585	6	0.585	5	0.526	5	0.526	5	0.5234	5	0.5651	4	0.5651	4	0.5651	2
lesk-6		0.8109	3	0.8143	3	0.7847	4	0.6636	10	0.67	8	0.6808	8	0.7568	3	0.7695	3	0.7426	5	0.6136	2	0.6136	2	0.5813	7	0.4661	8	0.4709	7	0.4805	7	0.5734	2	0.5734	2	0.541	8
res		0.7419	10	0.7419	10	0.7419	11	0.6649	9	0.6649	10	0.6649	10	0.7489	6	0.7489	6	0.7489	4	0.5698	9	0.5698	9	0.5698	9	0.4417	10	0.4417	10	0.4417	10	0.5453	9	0.5453	9	0.5453	7
lin		0.7251	12	0.7251	12	0.6908	12	0.516	13	0.516	13	0.4918	13	0.7054	11	0.7054	11	0.6686	12	0.5298	10	0.5298	10	0.4965	10	0.3803	12	0.3803	12	0.3577	12	0.5006	11	0.5006	11	0.4625	11
vector_pairs		0.6959	14	0.6632	14	0.6632	14	0.6862	8	0.6338	12	0.6427	12	0.6702	14	0.6636	14	0.6636	13	0.5029	12	0.4752	12	0.4752	11	0.4855	7	0.4441	9	0.4518	9	0.4994	12	0.4809	12	0.4809	10
hso		0.8	5	0.8	5	0.8	3	0.7272	1	0.7272	2	0.7272	2	0.7527	5	0.7527	5	0.7527	3	0.3595	13	0.3595	13	0.3595	13	0.4121	11	0.4121	11	0.4121	11	0.3706	13	0.3706	13	0.3706	13
lesk-6-9		0.8261	2	0.8261	2	0.8261	2	0.6636	10	0.6636	11	0.6636	11	0.7996	2	0.7996	2	0.7996	2	0.0116	14	0.0116	14	0.0116	14	0.0483	14	0.0483	14	0.0483	14	0.0302	14	0.0302	14	0.0302	14
vector		0.8913	1	0.8988	1	0.8968	1	0.7211	2	0.7405	1	0.7389	1	0.9162	1	0.9242	1	0.9157	1	0.7136	1	0.7229	1	0.7229	1	0.5399	4	0.5572	1	0.5582	1	0.7523	1	0.7616	1	0.7431	1
wup-6		0.7688	6	0.7688	6	0.7688	6	0.6957	7	0.6966	6	0.6953	6	0.7409	7	0.7409	7	0.7409	7	0.585	6	0.585	6	0.585	5	0.5242	6	0.526	5	0.5234	5	0.5651	4	0.5651	4	0.5651	2
path		0.732	11	0.732	11	0.7606	8	0.7022	5	0.7022	5	0.7029	3	0.7013	12	0.7013	12	0.7245	9	0.5764	8	0.5764	8	0.5993	2	0.551	2	0.551	4	0.5466	2	0.546	8	0.546	8	0.5641	4
jcn		0.7243	13	0.7243	13	0.6906	13	0.4815	14	0.4815	14	0.4556	14	0.6947	13	0.6947	13	0.6566	14	0.5134	11	0.5134	11	0.4698	12	0.3447	13	0.3447	13	0.3183	13	0.5029	10	0.5029	10	0.4592	12
lch-6		0.7606	8	0.7606	8	0.7606	8	0.7029	4	0.7116	3	0.7029	3	0.7245	9	0.7245	9	0.7245	9	0.5993	4	0.5993	4	0.5993	2	0.5466	3	0.5554	2	0.5466	2	0.5641	6	0.5641	6	0.5641	4
lch		0.7606	8	0.7606	8	0.7606	8	0.7116	3	0.7116	3	0.7029	3	0.7245	9	0.7245	9	0.7245	9	0.5993	4	0.5993	4	0.5993	2	0.5554	1	0.5554	2	0.5466	2	0.5641	6	0.5641	6	0.5641	4
lesk		0.8109	3	0.8143	3	0.7847	4	0.6636	10	0.67	8	0.6808	8	0.7568	3	0.7695	3	0.7426	5	0.6136	2	0.6136	2	0.5813	7	0.4661	8	0.4709	7	0.4805	7	0.5734	2	0.5734	2	0.541	8


Ranks:

wup		2, 5, 4, 7, 6
lesk-6		10, 3, 2, 5, 4, 7, 8
res		11, 10, 4, 7, 6, 9
lin		11, 10, 13, 12
vector_pairs		11, 10, 13, 12, 14, 7, 9, 8
hso		11, 13, 1, 3, 2, 5
lesk-6-9		11, 10, 2, 14
vector		1, 2, 4
wup-6		2, 5, 4, 7, 6
path		11, 12, 3, 2, 5, 4, 9, 8
jcn		11, 10, 13, 12, 14
lch-6		3, 2, 4, 6, 9, 8
lch		1, 3, 2, 4, 6, 9, 8
lesk		10, 3, 2, 5, 4, 7, 8
