wup		0.7688	4	0.7688	4	0.7688	5	0.6966-0.6957	5	0.6966	5	0.6953	5	0.7409	5	0.7409	5	0.7409	6	0.585	4	0.585	4	0.585	4	0.5242-0.526	5	0.526	4	0.5234	4	0.5651	3	0.5651	3	0.5651	2
res		0.7419	6	0.7419	6	0.7419	8	0.6649	7	0.6649	7	0.6649	7	0.7489	4	0.7489	4	0.7489	4	0.5698	6	0.5698	6	0.5698	6	0.4417	8	0.4417	7	0.4417	7	0.5453	6	0.5453	6	0.5453	5
lin		0.7251	8	0.7251	8	0.6908	9	0.516	9	0.516	10	0.4918	10	0.7054	7	0.7054	7	0.6686	9	0.5298	7	0.5298	7	0.4965	7	0.3803	10	0.3803	9	0.3577	9	0.5006	8	0.5006	8	0.4625	8
vector_pairs		0.6959	10	0.6632	10	0.6632	11	0.6862	6	0.6338	9	0.6427	9	0.6702	10	0.6636	10	0.6636	10	0.5029	9	0.4752	9	0.4752	8	0.4855	6	0.4441	6	0.4518	6	0.4994	9	0.4809	9	0.4809	7
hso		0.8	3	0.8	3	0.8	3	0.7272	1	0.7272	2	0.7272	2	0.7527	3	0.7527	3	0.7527	3	0.3595	10	0.3595	10	0.3595	10	0.4121	9	0.4121	8	0.4121	8	0.3706	10	0.3706	10	0.3706	10
vector		0.8913	1	0.8988	1	0.8968	1	0.7211	2	0.7405	1	0.7389	1	0.9162	1	0.9242	1	0.9157	1	0.7136	1	0.7229	1	0.7229	1	0.5399	4	0.5572	1	0.5582	1	0.7523	1	0.7616	1	0.7431	1
path		0.732	7	0.732	7	0.7606	6	0.7022	4	0.7022	4	0.7029	3	0.7013	8	0.7013	8	0.7245	7	0.5764	5	0.5764	5	0.5993	2	0.551	2	0.551	3	0.5466	2	0.546	5	0.546	5	0.5641	3
jcn		0.7243	9	0.7243	9	0.6906	10	0.4815	10	0.4815	11	0.4556	11	0.6947	9	0.6947	9	0.6566	11	0.5134	8	0.5134	8	0.4698	9	0.3447	11	0.3447	10	0.3183	10	0.5029	7	0.5029	7	0.4592	9
lch		0.7606	5	0.7606	5	0.7606	6	0.7029-0.7116	3	0.7116	3	0.7029	3	0.7245	6	0.7245	6	0.7245	7	0.5993	3	0.5993	3	0.5993	2	0.5466-0.5554	1,3	0.5554	2	0.5466	2	0.5641	4	0.5641	4	0.5641	3
lesk		0.8261-0.8109	2	0.8261-0.8143	2	0.8261-0.7847	2,4	0.6636	8	0.6636-0.67	6,8	0.6808-0.6636	6,8	0.7568-0.7996	2	0.7695-0.7996	2	0.7996-0.7426	2,5	0.0116-0.6136	2,11	0.0116-0.6136	2,11	0.0116-0.5813	5,11	0.4661-0.0483	7,12	0.0483-0.4709	5,11	0.4805-0.0483	5,11	0.5734-0.0302	2,11	0.5734-0.0302	2,11	0.541-0.0302	6,11


Ranks:

wup		3, 2, 5, 4, 6
res		8, 5, 4, 7, 6
lin		9, 8, 7, 10
vector_pairs		11, 10, 7, 6, 9, 8
hso		10, 1, 3, 2, 9, 8
vector		1, 2, 4
path		3, 2, 5, 4, 7, 6, 8
jcn		9, 10, 8, 7, 11
lch		1,3, 3, 2, 5, 4, 7, 6
lesk		7,12, 6,11, 2,11, 5,11, 6,8, 2, 8, 2,5, 2,4
